{
 "cells": [
  {
   "cell_type": "code",
   "execution_count": 1,
   "id": "talented-hands",
   "metadata": {
    "execution": {
     "iopub.status.idle": "2022-04-20T03:08:35.996305Z",
     "shell.execute_reply": "2022-04-20T03:08:35.995913Z",
     "shell.execute_reply.started": "2022-04-20T03:08:35.487540Z"
    }
   },
   "outputs": [
    {
     "data": {
      "text/plain": [
       "(171, 5)"
      ]
     },
     "execution_count": 1,
     "metadata": {},
     "output_type": "execute_result"
    }
   ],
   "source": [
    "import pandas as pd\n",
    "import numpy as np\n",
    "\n",
    "v2c = {\n",
    "    'Infectious_and_parasitic_diseases': 'bs01lr',\n",
    "    'Neoplasms': 'bs02lr',\n",
    "    'Endocrine,nutritional_and_metabolic diseases_and_immunity_disorders': 'bs03lr',\n",
    "    'Diseases_of_the_blood_and_bloodforming_organs': 'bs04lr',\n",
    "    'Mental_disorders': 'bs05lr',\n",
    "    'Diseases_of_the_nervous_system_and_sense_organs': 'bs06lr',\n",
    "    'Diseases_of_the_circulatory_system': 'bs07lr',\n",
    "    'Diseases_of_the_respiratory_system': 'bs08lr',\n",
    "    'Diseases_of_the_digestive_system': 'bs09lr',\n",
    "    'Diseases_of_the_genitourinary_system': 'bs10lr',\n",
    "    'Complications_of_pregnancy,_childbirth,_and_the_puerperium': 'bs11lr',\n",
    "    'Diseases_of_the_skin_and_subcutaneous_tissue': 'bs12lr',\n",
    "    'Diseases_of_the_musculoskeletal_system_and_connective_tissue': 'bs13lr',\n",
    "    'Congenital_anomalies': 'bs14lr',\n",
    "    'Symptoms,_signs,_and_ill_defined_conditions': 'bs16lr',\n",
    "    'Injury_and_poisoning': 'bs17lr',\n",
    "    'E_codes': 'bs18lr',\n",
    "    'V_codes': 'bs19lr',\n",
    "    'RareDX': 'rare_disease'\n",
    "}\n",
    "\n",
    "c2v = {v: k for k, v in v2c.items()}\n",
    "\n",
    "df = pd.read_csv('s3://jeeforce-artifacts/alemi/diabetes/BC+with+Time.csv', low_memory=False) \\\n",
    "    .assign(\n",
    "        body_sys1=lambda d: d['BC1'].apply(lambda v: v2c[v]), \n",
    "        body_sys2=lambda d: d['BC2'].apply(lambda v: v2c[v])) \\\n",
    "    .rename(columns={'patnum': 'patient_number', 'SumDayDiff': 'sum_day_diff', 'AvgDaydiff': 'avg_day_diff'}) \\\n",
    "    .drop(columns=['BC1', 'BC2'])\n",
    "\n",
    "df.shape"
   ]
  },
  {
   "cell_type": "code",
   "execution_count": 2,
   "id": "portable-prediction",
   "metadata": {
    "execution": {
     "iopub.execute_input": "2022-04-20T03:08:35.997074Z",
     "iopub.status.busy": "2022-04-20T03:08:35.996899Z",
     "iopub.status.idle": "2022-04-20T03:08:36.006509Z",
     "shell.execute_reply": "2022-04-20T03:08:36.006039Z",
     "shell.execute_reply.started": "2022-04-20T03:08:35.997046Z"
    }
   },
   "outputs": [
    {
     "data": {
      "text/html": [
       "<div>\n",
       "<style scoped>\n",
       "    .dataframe tbody tr th:only-of-type {\n",
       "        vertical-align: middle;\n",
       "    }\n",
       "\n",
       "    .dataframe tbody tr th {\n",
       "        vertical-align: top;\n",
       "    }\n",
       "\n",
       "    .dataframe thead th {\n",
       "        text-align: right;\n",
       "    }\n",
       "</style>\n",
       "<table border=\"1\" class=\"dataframe\">\n",
       "  <thead>\n",
       "    <tr style=\"text-align: right;\">\n",
       "      <th></th>\n",
       "      <th>patient_number</th>\n",
       "      <th>sum_day_diff</th>\n",
       "      <th>avg_day_diff</th>\n",
       "      <th>body_sys1</th>\n",
       "      <th>body_sys2</th>\n",
       "    </tr>\n",
       "  </thead>\n",
       "  <tbody>\n",
       "    <tr>\n",
       "      <th>0</th>\n",
       "      <td>27020</td>\n",
       "      <td>2780593</td>\n",
       "      <td>102</td>\n",
       "      <td>bs01lr</td>\n",
       "      <td>bs02lr</td>\n",
       "    </tr>\n",
       "    <tr>\n",
       "      <th>1</th>\n",
       "      <td>51702</td>\n",
       "      <td>-14513656</td>\n",
       "      <td>-280</td>\n",
       "      <td>bs01lr</td>\n",
       "      <td>bs03lr</td>\n",
       "    </tr>\n",
       "    <tr>\n",
       "      <th>2</th>\n",
       "      <td>16303</td>\n",
       "      <td>2894519</td>\n",
       "      <td>177</td>\n",
       "      <td>bs01lr</td>\n",
       "      <td>bs04lr</td>\n",
       "    </tr>\n",
       "    <tr>\n",
       "      <th>3</th>\n",
       "      <td>52414</td>\n",
       "      <td>-10176298</td>\n",
       "      <td>-194</td>\n",
       "      <td>bs01lr</td>\n",
       "      <td>bs05lr</td>\n",
       "    </tr>\n",
       "    <tr>\n",
       "      <th>4</th>\n",
       "      <td>53127</td>\n",
       "      <td>3378359</td>\n",
       "      <td>63</td>\n",
       "      <td>bs01lr</td>\n",
       "      <td>bs06lr</td>\n",
       "    </tr>\n",
       "    <tr>\n",
       "      <th>...</th>\n",
       "      <td>...</td>\n",
       "      <td>...</td>\n",
       "      <td>...</td>\n",
       "      <td>...</td>\n",
       "      <td>...</td>\n",
       "    </tr>\n",
       "    <tr>\n",
       "      <th>166</th>\n",
       "      <td>96140</td>\n",
       "      <td>-16061590</td>\n",
       "      <td>-167</td>\n",
       "      <td>bs17lr</td>\n",
       "      <td>bs19lr</td>\n",
       "    </tr>\n",
       "    <tr>\n",
       "      <th>167</th>\n",
       "      <td>69589</td>\n",
       "      <td>-1486110</td>\n",
       "      <td>-21</td>\n",
       "      <td>bs17lr</td>\n",
       "      <td>rare_disease</td>\n",
       "    </tr>\n",
       "    <tr>\n",
       "      <th>168</th>\n",
       "      <td>35582</td>\n",
       "      <td>-9989873</td>\n",
       "      <td>-280</td>\n",
       "      <td>bs18lr</td>\n",
       "      <td>bs19lr</td>\n",
       "    </tr>\n",
       "    <tr>\n",
       "      <th>169</th>\n",
       "      <td>30637</td>\n",
       "      <td>-1870223</td>\n",
       "      <td>-61</td>\n",
       "      <td>bs18lr</td>\n",
       "      <td>rare_disease</td>\n",
       "    </tr>\n",
       "    <tr>\n",
       "      <th>170</th>\n",
       "      <td>179395</td>\n",
       "      <td>24914942</td>\n",
       "      <td>138</td>\n",
       "      <td>bs19lr</td>\n",
       "      <td>rare_disease</td>\n",
       "    </tr>\n",
       "  </tbody>\n",
       "</table>\n",
       "<p>171 rows × 5 columns</p>\n",
       "</div>"
      ],
      "text/plain": [
       "     patient_number  sum_day_diff  avg_day_diff body_sys1     body_sys2\n",
       "0             27020       2780593           102    bs01lr        bs02lr\n",
       "1             51702     -14513656          -280    bs01lr        bs03lr\n",
       "2             16303       2894519           177    bs01lr        bs04lr\n",
       "3             52414     -10176298          -194    bs01lr        bs05lr\n",
       "4             53127       3378359            63    bs01lr        bs06lr\n",
       "..              ...           ...           ...       ...           ...\n",
       "166           96140     -16061590          -167    bs17lr        bs19lr\n",
       "167           69589      -1486110           -21    bs17lr  rare_disease\n",
       "168           35582      -9989873          -280    bs18lr        bs19lr\n",
       "169           30637      -1870223           -61    bs18lr  rare_disease\n",
       "170          179395      24914942           138    bs19lr  rare_disease\n",
       "\n",
       "[171 rows x 5 columns]"
      ]
     },
     "execution_count": 2,
     "metadata": {},
     "output_type": "execute_result"
    }
   ],
   "source": [
    "df"
   ]
  },
  {
   "cell_type": "code",
   "execution_count": 3,
   "id": "defensive-martin",
   "metadata": {
    "execution": {
     "iopub.execute_input": "2022-04-20T03:08:36.008686Z",
     "iopub.status.busy": "2022-04-20T03:08:36.008568Z",
     "iopub.status.idle": "2022-04-20T03:08:36.297376Z",
     "shell.execute_reply": "2022-04-20T03:08:36.296950Z",
     "shell.execute_reply.started": "2022-04-20T03:08:36.008667Z"
    }
   },
   "outputs": [
    {
     "data": {
      "text/html": [
       "<div>\n",
       "<style scoped>\n",
       "    .dataframe tbody tr th:only-of-type {\n",
       "        vertical-align: middle;\n",
       "    }\n",
       "\n",
       "    .dataframe tbody tr th {\n",
       "        vertical-align: top;\n",
       "    }\n",
       "\n",
       "    .dataframe thead th {\n",
       "        text-align: right;\n",
       "    }\n",
       "</style>\n",
       "<table border=\"1\" class=\"dataframe\">\n",
       "  <thead>\n",
       "    <tr style=\"text-align: right;\">\n",
       "      <th></th>\n",
       "      <th>bs01lr</th>\n",
       "      <th>bs02lr</th>\n",
       "      <th>bs03lr</th>\n",
       "      <th>bs04lr</th>\n",
       "      <th>bs05lr</th>\n",
       "      <th>bs06lr</th>\n",
       "      <th>bs07lr</th>\n",
       "      <th>bs08lr</th>\n",
       "      <th>bs09lr</th>\n",
       "      <th>bs10lr</th>\n",
       "      <th>bs11lr</th>\n",
       "      <th>bs12lr</th>\n",
       "      <th>bs13lr</th>\n",
       "      <th>bs14lr</th>\n",
       "      <th>bs16lr</th>\n",
       "      <th>bs17lr</th>\n",
       "      <th>bs18lr</th>\n",
       "      <th>bs19lr</th>\n",
       "      <th>rare_disease</th>\n",
       "    </tr>\n",
       "  </thead>\n",
       "  <tbody>\n",
       "    <tr>\n",
       "      <th>bs01lr</th>\n",
       "      <td>692552.0</td>\n",
       "      <td>-27020.0</td>\n",
       "      <td>-51702.0</td>\n",
       "      <td>-16303.0</td>\n",
       "      <td>-52414.0</td>\n",
       "      <td>-53127.0</td>\n",
       "      <td>-52858.0</td>\n",
       "      <td>-37774.0</td>\n",
       "      <td>-44323.0</td>\n",
       "      <td>-33429.0</td>\n",
       "      <td>-113.0</td>\n",
       "      <td>-38652.0</td>\n",
       "      <td>-57908.0</td>\n",
       "      <td>-3745.0</td>\n",
       "      <td>-63071.0</td>\n",
       "      <td>-25853.0</td>\n",
       "      <td>-11071.0</td>\n",
       "      <td>-76568.0</td>\n",
       "      <td>-46621.0</td>\n",
       "    </tr>\n",
       "    <tr>\n",
       "      <th>bs02lr</th>\n",
       "      <td>-27020.0</td>\n",
       "      <td>994111.0</td>\n",
       "      <td>-86810.0</td>\n",
       "      <td>-27200.0</td>\n",
       "      <td>-65981.0</td>\n",
       "      <td>-80568.0</td>\n",
       "      <td>-93031.0</td>\n",
       "      <td>-53708.0</td>\n",
       "      <td>-66709.0</td>\n",
       "      <td>-52518.0</td>\n",
       "      <td>-97.0</td>\n",
       "      <td>-48197.0</td>\n",
       "      <td>-76350.0</td>\n",
       "      <td>-4967.0</td>\n",
       "      <td>-91019.0</td>\n",
       "      <td>-28141.0</td>\n",
       "      <td>-12440.0</td>\n",
       "      <td>-114789.0</td>\n",
       "      <td>-64566.0</td>\n",
       "    </tr>\n",
       "    <tr>\n",
       "      <th>bs03lr</th>\n",
       "      <td>-51702.0</td>\n",
       "      <td>-86810.0</td>\n",
       "      <td>2181563.0</td>\n",
       "      <td>-47950.0</td>\n",
       "      <td>-167953.0</td>\n",
       "      <td>-194687.0</td>\n",
       "      <td>-236654.0</td>\n",
       "      <td>-117721.0</td>\n",
       "      <td>-141082.0</td>\n",
       "      <td>-116451.0</td>\n",
       "      <td>-228.0</td>\n",
       "      <td>-87079.0</td>\n",
       "      <td>-195702.0</td>\n",
       "      <td>-8868.0</td>\n",
       "      <td>-219019.0</td>\n",
       "      <td>-61571.0</td>\n",
       "      <td>-25020.0</td>\n",
       "      <td>-300589.0</td>\n",
       "      <td>-122477.0</td>\n",
       "    </tr>\n",
       "    <tr>\n",
       "      <th>bs04lr</th>\n",
       "      <td>-16303.0</td>\n",
       "      <td>-27200.0</td>\n",
       "      <td>-47950.0</td>\n",
       "      <td>565950.0</td>\n",
       "      <td>-36497.0</td>\n",
       "      <td>-42545.0</td>\n",
       "      <td>-51539.0</td>\n",
       "      <td>-31160.0</td>\n",
       "      <td>-37550.0</td>\n",
       "      <td>-33803.0</td>\n",
       "      <td>-65.0</td>\n",
       "      <td>-23065.0</td>\n",
       "      <td>-42502.0</td>\n",
       "      <td>-2983.0</td>\n",
       "      <td>-50861.0</td>\n",
       "      <td>-16983.0</td>\n",
       "      <td>-8822.0</td>\n",
       "      <td>-60176.0</td>\n",
       "      <td>-35946.0</td>\n",
       "    </tr>\n",
       "    <tr>\n",
       "      <th>bs05lr</th>\n",
       "      <td>-52414.0</td>\n",
       "      <td>-65981.0</td>\n",
       "      <td>-167953.0</td>\n",
       "      <td>-36497.0</td>\n",
       "      <td>1884335.0</td>\n",
       "      <td>-162343.0</td>\n",
       "      <td>-163237.0</td>\n",
       "      <td>-103589.0</td>\n",
       "      <td>-123098.0</td>\n",
       "      <td>-86540.0</td>\n",
       "      <td>-327.0</td>\n",
       "      <td>-76953.0</td>\n",
       "      <td>-177852.0</td>\n",
       "      <td>-7772.0</td>\n",
       "      <td>-194586.0</td>\n",
       "      <td>-67171.0</td>\n",
       "      <td>-25430.0</td>\n",
       "      <td>-256695.0</td>\n",
       "      <td>-115897.0</td>\n",
       "    </tr>\n",
       "    <tr>\n",
       "      <th>bs06lr</th>\n",
       "      <td>-53127.0</td>\n",
       "      <td>-80568.0</td>\n",
       "      <td>-194687.0</td>\n",
       "      <td>-42545.0</td>\n",
       "      <td>-162343.0</td>\n",
       "      <td>2058172.0</td>\n",
       "      <td>-195007.0</td>\n",
       "      <td>-110543.0</td>\n",
       "      <td>-131298.0</td>\n",
       "      <td>-103788.0</td>\n",
       "      <td>-273.0</td>\n",
       "      <td>-85287.0</td>\n",
       "      <td>-188133.0</td>\n",
       "      <td>-9002.0</td>\n",
       "      <td>-203875.0</td>\n",
       "      <td>-66693.0</td>\n",
       "      <td>-26238.0</td>\n",
       "      <td>-278491.0</td>\n",
       "      <td>-126274.0</td>\n",
       "    </tr>\n",
       "    <tr>\n",
       "      <th>bs07lr</th>\n",
       "      <td>-52858.0</td>\n",
       "      <td>-93031.0</td>\n",
       "      <td>-236654.0</td>\n",
       "      <td>-51539.0</td>\n",
       "      <td>-163237.0</td>\n",
       "      <td>-195007.0</td>\n",
       "      <td>2177507.0</td>\n",
       "      <td>-119374.0</td>\n",
       "      <td>-142671.0</td>\n",
       "      <td>-120746.0</td>\n",
       "      <td>-126.0</td>\n",
       "      <td>-86519.0</td>\n",
       "      <td>-187485.0</td>\n",
       "      <td>-9037.0</td>\n",
       "      <td>-215471.0</td>\n",
       "      <td>-58476.0</td>\n",
       "      <td>-25149.0</td>\n",
       "      <td>-298265.0</td>\n",
       "      <td>-121862.0</td>\n",
       "    </tr>\n",
       "    <tr>\n",
       "      <th>bs08lr</th>\n",
       "      <td>-37774.0</td>\n",
       "      <td>-53708.0</td>\n",
       "      <td>-117721.0</td>\n",
       "      <td>-31160.0</td>\n",
       "      <td>-103589.0</td>\n",
       "      <td>-110543.0</td>\n",
       "      <td>-119374.0</td>\n",
       "      <td>1349481.0</td>\n",
       "      <td>-89307.0</td>\n",
       "      <td>-67969.0</td>\n",
       "      <td>-228.0</td>\n",
       "      <td>-57219.0</td>\n",
       "      <td>-114924.0</td>\n",
       "      <td>-6168.0</td>\n",
       "      <td>-131469.0</td>\n",
       "      <td>-45117.0</td>\n",
       "      <td>-18933.0</td>\n",
       "      <td>-162866.0</td>\n",
       "      <td>-81412.0</td>\n",
       "    </tr>\n",
       "    <tr>\n",
       "      <th>bs09lr</th>\n",
       "      <td>-44323.0</td>\n",
       "      <td>-66709.0</td>\n",
       "      <td>-141082.0</td>\n",
       "      <td>-37550.0</td>\n",
       "      <td>-123098.0</td>\n",
       "      <td>-131298.0</td>\n",
       "      <td>-142671.0</td>\n",
       "      <td>-89307.0</td>\n",
       "      <td>1586386.0</td>\n",
       "      <td>-80716.0</td>\n",
       "      <td>-209.0</td>\n",
       "      <td>-65667.0</td>\n",
       "      <td>-138272.0</td>\n",
       "      <td>-7440.0</td>\n",
       "      <td>-153819.0</td>\n",
       "      <td>-51958.0</td>\n",
       "      <td>-21170.0</td>\n",
       "      <td>-194234.0</td>\n",
       "      <td>-96863.0</td>\n",
       "    </tr>\n",
       "    <tr>\n",
       "      <th>bs10lr</th>\n",
       "      <td>-33429.0</td>\n",
       "      <td>-52518.0</td>\n",
       "      <td>-116451.0</td>\n",
       "      <td>-33803.0</td>\n",
       "      <td>-86540.0</td>\n",
       "      <td>-103788.0</td>\n",
       "      <td>-120746.0</td>\n",
       "      <td>-67969.0</td>\n",
       "      <td>-80716.0</td>\n",
       "      <td>1256193.0</td>\n",
       "      <td>-284.0</td>\n",
       "      <td>-51875.0</td>\n",
       "      <td>-102545.0</td>\n",
       "      <td>-6396.0</td>\n",
       "      <td>-119564.0</td>\n",
       "      <td>-36211.0</td>\n",
       "      <td>-16792.0</td>\n",
       "      <td>-150458.0</td>\n",
       "      <td>-76108.0</td>\n",
       "    </tr>\n",
       "    <tr>\n",
       "      <th>bs11lr</th>\n",
       "      <td>-113.0</td>\n",
       "      <td>-97.0</td>\n",
       "      <td>-228.0</td>\n",
       "      <td>-65.0</td>\n",
       "      <td>-327.0</td>\n",
       "      <td>-273.0</td>\n",
       "      <td>-126.0</td>\n",
       "      <td>-228.0</td>\n",
       "      <td>-209.0</td>\n",
       "      <td>-284.0</td>\n",
       "      <td>4019.0</td>\n",
       "      <td>-160.0</td>\n",
       "      <td>-337.0</td>\n",
       "      <td>-13.0</td>\n",
       "      <td>-375.0</td>\n",
       "      <td>-134.0</td>\n",
       "      <td>-45.0</td>\n",
       "      <td>-499.0</td>\n",
       "      <td>-506.0</td>\n",
       "    </tr>\n",
       "    <tr>\n",
       "      <th>bs12lr</th>\n",
       "      <td>-38652.0</td>\n",
       "      <td>-48197.0</td>\n",
       "      <td>-87079.0</td>\n",
       "      <td>-23065.0</td>\n",
       "      <td>-76953.0</td>\n",
       "      <td>-85287.0</td>\n",
       "      <td>-86519.0</td>\n",
       "      <td>-57219.0</td>\n",
       "      <td>-65667.0</td>\n",
       "      <td>-51875.0</td>\n",
       "      <td>-160.0</td>\n",
       "      <td>1059965.0</td>\n",
       "      <td>-89669.0</td>\n",
       "      <td>-5582.0</td>\n",
       "      <td>-98485.0</td>\n",
       "      <td>-38901.0</td>\n",
       "      <td>-16551.0</td>\n",
       "      <td>-121822.0</td>\n",
       "      <td>-68282.0</td>\n",
       "    </tr>\n",
       "    <tr>\n",
       "      <th>bs13lr</th>\n",
       "      <td>-57908.0</td>\n",
       "      <td>-76350.0</td>\n",
       "      <td>-195702.0</td>\n",
       "      <td>-42502.0</td>\n",
       "      <td>-177852.0</td>\n",
       "      <td>-188133.0</td>\n",
       "      <td>-187485.0</td>\n",
       "      <td>-114924.0</td>\n",
       "      <td>-138272.0</td>\n",
       "      <td>-102545.0</td>\n",
       "      <td>-337.0</td>\n",
       "      <td>-89669.0</td>\n",
       "      <td>2126130.0</td>\n",
       "      <td>-9730.0</td>\n",
       "      <td>-214958.0</td>\n",
       "      <td>-79036.0</td>\n",
       "      <td>-30031.0</td>\n",
       "      <td>-288979.0</td>\n",
       "      <td>-131717.0</td>\n",
       "    </tr>\n",
       "    <tr>\n",
       "      <th>bs14lr</th>\n",
       "      <td>-3745.0</td>\n",
       "      <td>-4967.0</td>\n",
       "      <td>-8868.0</td>\n",
       "      <td>-2983.0</td>\n",
       "      <td>-7772.0</td>\n",
       "      <td>-9002.0</td>\n",
       "      <td>-9037.0</td>\n",
       "      <td>-6168.0</td>\n",
       "      <td>-7440.0</td>\n",
       "      <td>-6396.0</td>\n",
       "      <td>-13.0</td>\n",
       "      <td>-5582.0</td>\n",
       "      <td>-9730.0</td>\n",
       "      <td>119897.0</td>\n",
       "      <td>-10156.0</td>\n",
       "      <td>-4157.0</td>\n",
       "      <td>-1956.0</td>\n",
       "      <td>-11862.0</td>\n",
       "      <td>-10063.0</td>\n",
       "    </tr>\n",
       "    <tr>\n",
       "      <th>bs16lr</th>\n",
       "      <td>-63071.0</td>\n",
       "      <td>-91019.0</td>\n",
       "      <td>-219019.0</td>\n",
       "      <td>-50861.0</td>\n",
       "      <td>-194586.0</td>\n",
       "      <td>-203875.0</td>\n",
       "      <td>-215471.0</td>\n",
       "      <td>-131469.0</td>\n",
       "      <td>-153819.0</td>\n",
       "      <td>-119564.0</td>\n",
       "      <td>-375.0</td>\n",
       "      <td>-98485.0</td>\n",
       "      <td>-214958.0</td>\n",
       "      <td>-10156.0</td>\n",
       "      <td>2330871.0</td>\n",
       "      <td>-77988.0</td>\n",
       "      <td>-30882.0</td>\n",
       "      <td>-312032.0</td>\n",
       "      <td>-143241.0</td>\n",
       "    </tr>\n",
       "    <tr>\n",
       "      <th>bs17lr</th>\n",
       "      <td>-25853.0</td>\n",
       "      <td>-28141.0</td>\n",
       "      <td>-61571.0</td>\n",
       "      <td>-16983.0</td>\n",
       "      <td>-67171.0</td>\n",
       "      <td>-66693.0</td>\n",
       "      <td>-58476.0</td>\n",
       "      <td>-45117.0</td>\n",
       "      <td>-51958.0</td>\n",
       "      <td>-36211.0</td>\n",
       "      <td>-134.0</td>\n",
       "      <td>-38901.0</td>\n",
       "      <td>-79036.0</td>\n",
       "      <td>-4157.0</td>\n",
       "      <td>-77988.0</td>\n",
       "      <td>851572.0</td>\n",
       "      <td>-27453.0</td>\n",
       "      <td>-96140.0</td>\n",
       "      <td>-69589.0</td>\n",
       "    </tr>\n",
       "    <tr>\n",
       "      <th>bs18lr</th>\n",
       "      <td>-11071.0</td>\n",
       "      <td>-12440.0</td>\n",
       "      <td>-25020.0</td>\n",
       "      <td>-8822.0</td>\n",
       "      <td>-25430.0</td>\n",
       "      <td>-26238.0</td>\n",
       "      <td>-25149.0</td>\n",
       "      <td>-18933.0</td>\n",
       "      <td>-21170.0</td>\n",
       "      <td>-16792.0</td>\n",
       "      <td>-45.0</td>\n",
       "      <td>-16551.0</td>\n",
       "      <td>-30031.0</td>\n",
       "      <td>-1956.0</td>\n",
       "      <td>-30882.0</td>\n",
       "      <td>-27453.0</td>\n",
       "      <td>364202.0</td>\n",
       "      <td>-35582.0</td>\n",
       "      <td>-30637.0</td>\n",
       "    </tr>\n",
       "    <tr>\n",
       "      <th>bs19lr</th>\n",
       "      <td>-76568.0</td>\n",
       "      <td>-114789.0</td>\n",
       "      <td>-300589.0</td>\n",
       "      <td>-60176.0</td>\n",
       "      <td>-256695.0</td>\n",
       "      <td>-278491.0</td>\n",
       "      <td>-298265.0</td>\n",
       "      <td>-162866.0</td>\n",
       "      <td>-194234.0</td>\n",
       "      <td>-150458.0</td>\n",
       "      <td>-499.0</td>\n",
       "      <td>-121822.0</td>\n",
       "      <td>-288979.0</td>\n",
       "      <td>-11862.0</td>\n",
       "      <td>-312032.0</td>\n",
       "      <td>-96140.0</td>\n",
       "      <td>-35582.0</td>\n",
       "      <td>2939442.0</td>\n",
       "      <td>-179395.0</td>\n",
       "    </tr>\n",
       "    <tr>\n",
       "      <th>rare_disease</th>\n",
       "      <td>-46621.0</td>\n",
       "      <td>-64566.0</td>\n",
       "      <td>-122477.0</td>\n",
       "      <td>-35946.0</td>\n",
       "      <td>-115897.0</td>\n",
       "      <td>-126274.0</td>\n",
       "      <td>-121862.0</td>\n",
       "      <td>-81412.0</td>\n",
       "      <td>-96863.0</td>\n",
       "      <td>-76108.0</td>\n",
       "      <td>-506.0</td>\n",
       "      <td>-68282.0</td>\n",
       "      <td>-131717.0</td>\n",
       "      <td>-10063.0</td>\n",
       "      <td>-143241.0</td>\n",
       "      <td>-69589.0</td>\n",
       "      <td>-30637.0</td>\n",
       "      <td>-179395.0</td>\n",
       "      <td>1521456.0</td>\n",
       "    </tr>\n",
       "  </tbody>\n",
       "</table>\n",
       "</div>"
      ],
      "text/plain": [
       "                bs01lr    bs02lr     bs03lr    bs04lr     bs05lr     bs06lr  \\\n",
       "bs01lr        692552.0  -27020.0   -51702.0  -16303.0   -52414.0   -53127.0   \n",
       "bs02lr        -27020.0  994111.0   -86810.0  -27200.0   -65981.0   -80568.0   \n",
       "bs03lr        -51702.0  -86810.0  2181563.0  -47950.0  -167953.0  -194687.0   \n",
       "bs04lr        -16303.0  -27200.0   -47950.0  565950.0   -36497.0   -42545.0   \n",
       "bs05lr        -52414.0  -65981.0  -167953.0  -36497.0  1884335.0  -162343.0   \n",
       "bs06lr        -53127.0  -80568.0  -194687.0  -42545.0  -162343.0  2058172.0   \n",
       "bs07lr        -52858.0  -93031.0  -236654.0  -51539.0  -163237.0  -195007.0   \n",
       "bs08lr        -37774.0  -53708.0  -117721.0  -31160.0  -103589.0  -110543.0   \n",
       "bs09lr        -44323.0  -66709.0  -141082.0  -37550.0  -123098.0  -131298.0   \n",
       "bs10lr        -33429.0  -52518.0  -116451.0  -33803.0   -86540.0  -103788.0   \n",
       "bs11lr          -113.0     -97.0     -228.0     -65.0     -327.0     -273.0   \n",
       "bs12lr        -38652.0  -48197.0   -87079.0  -23065.0   -76953.0   -85287.0   \n",
       "bs13lr        -57908.0  -76350.0  -195702.0  -42502.0  -177852.0  -188133.0   \n",
       "bs14lr         -3745.0   -4967.0    -8868.0   -2983.0    -7772.0    -9002.0   \n",
       "bs16lr        -63071.0  -91019.0  -219019.0  -50861.0  -194586.0  -203875.0   \n",
       "bs17lr        -25853.0  -28141.0   -61571.0  -16983.0   -67171.0   -66693.0   \n",
       "bs18lr        -11071.0  -12440.0   -25020.0   -8822.0   -25430.0   -26238.0   \n",
       "bs19lr        -76568.0 -114789.0  -300589.0  -60176.0  -256695.0  -278491.0   \n",
       "rare_disease  -46621.0  -64566.0  -122477.0  -35946.0  -115897.0  -126274.0   \n",
       "\n",
       "                 bs07lr     bs08lr     bs09lr     bs10lr  bs11lr     bs12lr  \\\n",
       "bs01lr         -52858.0   -37774.0   -44323.0   -33429.0  -113.0   -38652.0   \n",
       "bs02lr         -93031.0   -53708.0   -66709.0   -52518.0   -97.0   -48197.0   \n",
       "bs03lr        -236654.0  -117721.0  -141082.0  -116451.0  -228.0   -87079.0   \n",
       "bs04lr         -51539.0   -31160.0   -37550.0   -33803.0   -65.0   -23065.0   \n",
       "bs05lr        -163237.0  -103589.0  -123098.0   -86540.0  -327.0   -76953.0   \n",
       "bs06lr        -195007.0  -110543.0  -131298.0  -103788.0  -273.0   -85287.0   \n",
       "bs07lr        2177507.0  -119374.0  -142671.0  -120746.0  -126.0   -86519.0   \n",
       "bs08lr        -119374.0  1349481.0   -89307.0   -67969.0  -228.0   -57219.0   \n",
       "bs09lr        -142671.0   -89307.0  1586386.0   -80716.0  -209.0   -65667.0   \n",
       "bs10lr        -120746.0   -67969.0   -80716.0  1256193.0  -284.0   -51875.0   \n",
       "bs11lr           -126.0     -228.0     -209.0     -284.0  4019.0     -160.0   \n",
       "bs12lr         -86519.0   -57219.0   -65667.0   -51875.0  -160.0  1059965.0   \n",
       "bs13lr        -187485.0  -114924.0  -138272.0  -102545.0  -337.0   -89669.0   \n",
       "bs14lr          -9037.0    -6168.0    -7440.0    -6396.0   -13.0    -5582.0   \n",
       "bs16lr        -215471.0  -131469.0  -153819.0  -119564.0  -375.0   -98485.0   \n",
       "bs17lr         -58476.0   -45117.0   -51958.0   -36211.0  -134.0   -38901.0   \n",
       "bs18lr         -25149.0   -18933.0   -21170.0   -16792.0   -45.0   -16551.0   \n",
       "bs19lr        -298265.0  -162866.0  -194234.0  -150458.0  -499.0  -121822.0   \n",
       "rare_disease  -121862.0   -81412.0   -96863.0   -76108.0  -506.0   -68282.0   \n",
       "\n",
       "                 bs13lr    bs14lr     bs16lr    bs17lr    bs18lr     bs19lr  \\\n",
       "bs01lr         -57908.0   -3745.0   -63071.0  -25853.0  -11071.0   -76568.0   \n",
       "bs02lr         -76350.0   -4967.0   -91019.0  -28141.0  -12440.0  -114789.0   \n",
       "bs03lr        -195702.0   -8868.0  -219019.0  -61571.0  -25020.0  -300589.0   \n",
       "bs04lr         -42502.0   -2983.0   -50861.0  -16983.0   -8822.0   -60176.0   \n",
       "bs05lr        -177852.0   -7772.0  -194586.0  -67171.0  -25430.0  -256695.0   \n",
       "bs06lr        -188133.0   -9002.0  -203875.0  -66693.0  -26238.0  -278491.0   \n",
       "bs07lr        -187485.0   -9037.0  -215471.0  -58476.0  -25149.0  -298265.0   \n",
       "bs08lr        -114924.0   -6168.0  -131469.0  -45117.0  -18933.0  -162866.0   \n",
       "bs09lr        -138272.0   -7440.0  -153819.0  -51958.0  -21170.0  -194234.0   \n",
       "bs10lr        -102545.0   -6396.0  -119564.0  -36211.0  -16792.0  -150458.0   \n",
       "bs11lr           -337.0     -13.0     -375.0    -134.0     -45.0     -499.0   \n",
       "bs12lr         -89669.0   -5582.0   -98485.0  -38901.0  -16551.0  -121822.0   \n",
       "bs13lr        2126130.0   -9730.0  -214958.0  -79036.0  -30031.0  -288979.0   \n",
       "bs14lr          -9730.0  119897.0   -10156.0   -4157.0   -1956.0   -11862.0   \n",
       "bs16lr        -214958.0  -10156.0  2330871.0  -77988.0  -30882.0  -312032.0   \n",
       "bs17lr         -79036.0   -4157.0   -77988.0  851572.0  -27453.0   -96140.0   \n",
       "bs18lr         -30031.0   -1956.0   -30882.0  -27453.0  364202.0   -35582.0   \n",
       "bs19lr        -288979.0  -11862.0  -312032.0  -96140.0  -35582.0  2939442.0   \n",
       "rare_disease  -131717.0  -10063.0  -143241.0  -69589.0  -30637.0  -179395.0   \n",
       "\n",
       "              rare_disease  \n",
       "bs01lr            -46621.0  \n",
       "bs02lr            -64566.0  \n",
       "bs03lr           -122477.0  \n",
       "bs04lr            -35946.0  \n",
       "bs05lr           -115897.0  \n",
       "bs06lr           -126274.0  \n",
       "bs07lr           -121862.0  \n",
       "bs08lr            -81412.0  \n",
       "bs09lr            -96863.0  \n",
       "bs10lr            -76108.0  \n",
       "bs11lr              -506.0  \n",
       "bs12lr            -68282.0  \n",
       "bs13lr           -131717.0  \n",
       "bs14lr            -10063.0  \n",
       "bs16lr           -143241.0  \n",
       "bs17lr            -69589.0  \n",
       "bs18lr            -30637.0  \n",
       "bs19lr           -179395.0  \n",
       "rare_disease     1521456.0  "
      ]
     },
     "execution_count": 3,
     "metadata": {},
     "output_type": "execute_result"
    }
   ],
   "source": [
    "import itertools\n",
    "import numpy as np\n",
    "\n",
    "def get_val(v1, v2):\n",
    "    temp = df[(df['body_sys1']==v1) & (df['body_sys2']==v2)]\n",
    "    \n",
    "    if temp.shape[0] == 0:\n",
    "        temp = df[(df['body_sys1']==v2) & (df['body_sys2']==v1)]\n",
    "    \n",
    "    if temp.shape[0] > 0:\n",
    "        return -temp.iloc[0]['patient_number']\n",
    "    return np.nan\n",
    "\n",
    "body_systems = sorted(list(set(list(df['body_sys1'].unique()) + list(df['body_sys2'].unique()))))\n",
    "keep_cols = [c for c in body_systems if not c in {}]\n",
    "\n",
    "mat_df = pd.DataFrame([[get_val(v1, v2) for v2 in body_systems] for v1 in body_systems], columns=body_systems, index=body_systems)\n",
    "mat_df = mat_df.loc[keep_cols][keep_cols]\n",
    "M = mat_df.fillna(0.0) + np.abs(np.diag(mat_df.sum(axis=1)))\n",
    "M"
   ]
  },
  {
   "cell_type": "code",
   "execution_count": 4,
   "id": "vulnerable-listing",
   "metadata": {
    "execution": {
     "iopub.execute_input": "2022-04-20T03:08:36.298088Z",
     "iopub.status.busy": "2022-04-20T03:08:36.297933Z",
     "iopub.status.idle": "2022-04-20T03:08:36.312866Z",
     "shell.execute_reply": "2022-04-20T03:08:36.312268Z",
     "shell.execute_reply.started": "2022-04-20T03:08:36.298074Z"
    }
   },
   "outputs": [
    {
     "data": {
      "text/plain": [
       "(before\n",
       " bs01lr          15\n",
       " bs02lr          11\n",
       " bs03lr          17\n",
       " bs04lr           7\n",
       " bs05lr          16\n",
       " bs06lr           9\n",
       " bs07lr          18\n",
       " bs08lr          12\n",
       " bs09lr          14\n",
       " bs10lr           8\n",
       " bs11lr           1\n",
       " bs12lr           6\n",
       " bs13lr          13\n",
       " bs14lr           3\n",
       " bs16lr           5\n",
       " bs17lr           2\n",
       " bs18lr           1\n",
       " bs19lr          10\n",
       " rare_disease     3\n",
       " Name: n, dtype: int64,\n",
       " bs01lr           3\n",
       " bs02lr           7\n",
       " bs03lr           1\n",
       " bs04lr          11\n",
       " bs05lr           2\n",
       " bs06lr           9\n",
       " bs08lr           6\n",
       " bs09lr           4\n",
       " bs10lr          10\n",
       " bs11lr          17\n",
       " bs12lr          12\n",
       " bs13lr           5\n",
       " bs14lr          15\n",
       " bs16lr          13\n",
       " bs17lr          16\n",
       " bs18lr          17\n",
       " bs19lr           8\n",
       " rare_disease    15\n",
       " bs07lr           0\n",
       " dtype: int64,\n",
       " 19,\n",
       " 19)"
      ]
     },
     "execution_count": 4,
     "metadata": {},
     "output_type": "execute_result"
    }
   ],
   "source": [
    "def get_before(r):\n",
    "    v1 = r['body_sys1']\n",
    "    v2 = r['body_sys2']\n",
    "    d = r['avg_day_diff']\n",
    "    if d > 0:\n",
    "        return v1\n",
    "    else:\n",
    "        return v2\n",
    "    \n",
    "def get_after(r):\n",
    "    v1 = r['body_sys1']\n",
    "    v2 = r['body_sys2']\n",
    "    d = r['avg_day_diff']\n",
    "    if d > 0:\n",
    "        return v2\n",
    "    else:\n",
    "        return v1\n",
    "    \n",
    "ba_df = df.assign(\n",
    "    before=lambda d: d.apply(get_before, axis=1),\n",
    "    after=lambda d: d.apply(get_after, axis=1))\n",
    "\n",
    "before = ba_df.assign(n=1).groupby(['before'])['n'].sum()\n",
    "after = ba_df.assign(n=1).groupby(['after'])['n'].sum()\n",
    "after = pd.Series(list(after.values) + [0], index=list(after.index) + ['bs07lr'])\n",
    "\n",
    "before, after, len(before), len(after)"
   ]
  },
  {
   "cell_type": "code",
   "execution_count": 5,
   "id": "overall-defense",
   "metadata": {
    "execution": {
     "iopub.execute_input": "2022-04-20T03:08:36.314027Z",
     "iopub.status.busy": "2022-04-20T03:08:36.313774Z",
     "iopub.status.idle": "2022-04-20T03:08:36.326532Z",
     "shell.execute_reply": "2022-04-20T03:08:36.326032Z",
     "shell.execute_reply.started": "2022-04-20T03:08:36.313997Z"
    }
   },
   "outputs": [
    {
     "data": {
      "text/plain": [
       "bs01lr           7.0\n",
       "bs02lr           3.0\n",
       "bs03lr           9.0\n",
       "bs04lr          -1.0\n",
       "bs05lr           8.0\n",
       "bs06lr           1.0\n",
       "bs07lr          10.0\n",
       "bs08lr           4.0\n",
       "bs09lr           6.0\n",
       "bs10lr           0.0\n",
       "bs11lr          -7.0\n",
       "bs12lr          -2.0\n",
       "bs13lr           5.0\n",
       "bs14lr          -5.0\n",
       "bs16lr          -3.0\n",
       "bs17lr          -6.0\n",
       "bs18lr          -7.0\n",
       "bs19lr           2.0\n",
       "rare_disease    -5.0\n",
       "dtype: float64"
      ]
     },
     "execution_count": 5,
     "metadata": {},
     "output_type": "execute_result"
    }
   ],
   "source": [
    "b = 1 + 0.5 * (before - after)\n",
    "b"
   ]
  },
  {
   "cell_type": "code",
   "execution_count": 6,
   "id": "biological-sydney",
   "metadata": {
    "execution": {
     "iopub.execute_input": "2022-04-20T03:08:36.327252Z",
     "iopub.status.busy": "2022-04-20T03:08:36.327138Z",
     "iopub.status.idle": "2022-04-20T03:08:36.354460Z",
     "shell.execute_reply": "2022-04-20T03:08:36.353968Z",
     "shell.execute_reply.started": "2022-04-20T03:08:36.327237Z"
    }
   },
   "outputs": [
    {
     "data": {
      "text/html": [
       "<div>\n",
       "<style scoped>\n",
       "    .dataframe tbody tr th:only-of-type {\n",
       "        vertical-align: middle;\n",
       "    }\n",
       "\n",
       "    .dataframe tbody tr th {\n",
       "        vertical-align: top;\n",
       "    }\n",
       "\n",
       "    .dataframe thead th {\n",
       "        text-align: right;\n",
       "    }\n",
       "</style>\n",
       "<table border=\"1\" class=\"dataframe\">\n",
       "  <thead>\n",
       "    <tr style=\"text-align: right;\">\n",
       "      <th></th>\n",
       "      <th>bs01lr</th>\n",
       "      <th>bs02lr</th>\n",
       "      <th>bs03lr</th>\n",
       "      <th>bs04lr</th>\n",
       "      <th>bs05lr</th>\n",
       "      <th>bs06lr</th>\n",
       "      <th>bs07lr</th>\n",
       "      <th>bs08lr</th>\n",
       "      <th>bs09lr</th>\n",
       "      <th>bs10lr</th>\n",
       "      <th>bs11lr</th>\n",
       "      <th>bs12lr</th>\n",
       "      <th>bs13lr</th>\n",
       "      <th>bs14lr</th>\n",
       "      <th>bs16lr</th>\n",
       "      <th>bs17lr</th>\n",
       "      <th>bs18lr</th>\n",
       "      <th>bs19lr</th>\n",
       "      <th>rare_disease</th>\n",
       "    </tr>\n",
       "  </thead>\n",
       "  <tbody>\n",
       "    <tr>\n",
       "      <th>bs01lr</th>\n",
       "      <td>692554.0</td>\n",
       "      <td>-27020.0</td>\n",
       "      <td>-51702.0</td>\n",
       "      <td>-16303.0</td>\n",
       "      <td>-52414.0</td>\n",
       "      <td>-53127.0</td>\n",
       "      <td>-52858.0</td>\n",
       "      <td>-37774.0</td>\n",
       "      <td>-44323.0</td>\n",
       "      <td>-33429.0</td>\n",
       "      <td>-113.0</td>\n",
       "      <td>-38652.0</td>\n",
       "      <td>-57908.0</td>\n",
       "      <td>-3745.0</td>\n",
       "      <td>-63071.0</td>\n",
       "      <td>-25853.0</td>\n",
       "      <td>-11071.0</td>\n",
       "      <td>-76568.0</td>\n",
       "      <td>-46621.0</td>\n",
       "    </tr>\n",
       "    <tr>\n",
       "      <th>bs02lr</th>\n",
       "      <td>-27020.0</td>\n",
       "      <td>994113.0</td>\n",
       "      <td>-86810.0</td>\n",
       "      <td>-27200.0</td>\n",
       "      <td>-65981.0</td>\n",
       "      <td>-80568.0</td>\n",
       "      <td>-93031.0</td>\n",
       "      <td>-53708.0</td>\n",
       "      <td>-66709.0</td>\n",
       "      <td>-52518.0</td>\n",
       "      <td>-97.0</td>\n",
       "      <td>-48197.0</td>\n",
       "      <td>-76350.0</td>\n",
       "      <td>-4967.0</td>\n",
       "      <td>-91019.0</td>\n",
       "      <td>-28141.0</td>\n",
       "      <td>-12440.0</td>\n",
       "      <td>-114789.0</td>\n",
       "      <td>-64566.0</td>\n",
       "    </tr>\n",
       "    <tr>\n",
       "      <th>bs03lr</th>\n",
       "      <td>-51702.0</td>\n",
       "      <td>-86810.0</td>\n",
       "      <td>2181565.0</td>\n",
       "      <td>-47950.0</td>\n",
       "      <td>-167953.0</td>\n",
       "      <td>-194687.0</td>\n",
       "      <td>-236654.0</td>\n",
       "      <td>-117721.0</td>\n",
       "      <td>-141082.0</td>\n",
       "      <td>-116451.0</td>\n",
       "      <td>-228.0</td>\n",
       "      <td>-87079.0</td>\n",
       "      <td>-195702.0</td>\n",
       "      <td>-8868.0</td>\n",
       "      <td>-219019.0</td>\n",
       "      <td>-61571.0</td>\n",
       "      <td>-25020.0</td>\n",
       "      <td>-300589.0</td>\n",
       "      <td>-122477.0</td>\n",
       "    </tr>\n",
       "    <tr>\n",
       "      <th>bs04lr</th>\n",
       "      <td>-16303.0</td>\n",
       "      <td>-27200.0</td>\n",
       "      <td>-47950.0</td>\n",
       "      <td>565952.0</td>\n",
       "      <td>-36497.0</td>\n",
       "      <td>-42545.0</td>\n",
       "      <td>-51539.0</td>\n",
       "      <td>-31160.0</td>\n",
       "      <td>-37550.0</td>\n",
       "      <td>-33803.0</td>\n",
       "      <td>-65.0</td>\n",
       "      <td>-23065.0</td>\n",
