{
 "cells": [
  {
   "cell_type": "code",
   "execution_count": 1,
   "id": "descending-simpson",
   "metadata": {
    "execution": {
     "iopub.execute_input": "2022-04-25T21:03:50.608748Z",
     "iopub.status.busy": "2022-04-25T21:03:50.608587Z",
     "iopub.status.idle": "2022-04-25T21:03:51.117600Z",
     "shell.execute_reply": "2022-04-25T21:03:51.116781Z",
     "shell.execute_reply.started": "2022-04-25T21:03:50.608719Z"
    }
   },
   "outputs": [
    {
     "data": {
      "text/plain": [
       "(171, 8)"
      ]
     },
     "execution_count": 1,
     "metadata": {},
     "output_type": "execute_result"
    }
   ],
   "source": [
    "import pandas as pd\n",
    "import numpy as np\n",
    "\n",
    "v2c = {\n",
    "    'Infectious_and_parasitic_diseases': 'bs01lr',\n",
    "    'Neoplasms': 'bs02lr',\n",
    "    'Endocrine,nutritional_and_metabolic diseases_and_immunity_disorders': 'bs03lr',\n",
    "    'Diseases_of_the_blood_and_bloodforming_organs': 'bs04lr',\n",
    "    'Mental_disorders': 'bs05lr',\n",
    "    'Diseases_of_the_nervous_system_and_sense_organs': 'bs06lr',\n",
    "    'Diseases_of_the_circulatory_system': 'bs07lr',\n",
    "    'Diseases_of_the_respiratory_system': 'bs08lr',\n",
    "    'Diseases_of_the_digestive_system': 'bs09lr',\n",
    "    'Diseases_of_the_genitourinary_system': 'bs10lr',\n",
    "    'Complications_of_pregnancy,_childbirth,_and_the_puerperium': 'bs11lr',\n",
    "    'Diseases_of_the_skin_and_subcutaneous_tissue': 'bs12lr',\n",
    "    'Diseases_of_the_musculoskeletal_system_and_connective_tissue': 'bs13lr',\n",
    "    'Congenital_anomalies': 'bs14lr',\n",
    "    'Symptoms,_signs,_and_ill_defined_conditions': 'bs16lr',\n",
    "    'Injury_and_poisoning': 'bs17lr',\n",
    "    'E_codes': 'bs18lr',\n",
    "    'V_codes': 'bs19lr',\n",
    "    'RareDX': 'rare_disease'\n",
    "}\n",
    "\n",
    "c2v = {v: k for k, v in v2c.items()}\n",
    "\n",
    "df = pd.read_csv('s3://jeeforce-artifacts/alemi/diabetes/BCwithTime and Order.csv', low_memory=False) \\\n",
    "    .assign(\n",
    "        bc_1=lambda d: d['BC1'].apply(lambda v: v2c[v]), \n",
    "        bc_2=lambda d: d['BC2'].apply(lambda v: v2c[v])) \\\n",
    "    .rename(columns={\n",
    "        'Total patnum': 'n', \n",
    "        'BC1 first DX Patnum': 'n_1',\n",
    "        'BC2 first DX Patnum': 'n_2',\n",
    "        'Same day  BC1 and BC2 Patnum': 'n_t',\n",
    "        'SumDayDiff (total)': 'sum_day_diff', \n",
    "        'AvgDaydiff': 'avg_day_diff'}) \\\n",
    "    .drop(columns=['BC1', 'BC2'])\\\n",
    "    [['bc_1', 'bc_2', 'n', 'n_1', 'n_2', 'n_t', 'sum_day_diff', 'avg_day_diff']]\n",
    "\n",
    "df.shape"
   ]
  },
  {
   "cell_type": "code",
   "execution_count": 2,
   "id": "cultural-priest",
   "metadata": {
    "execution": {
     "iopub.execute_input": "2022-04-25T21:03:51.121568Z",
     "iopub.status.busy": "2022-04-25T21:03:51.121371Z",
     "iopub.status.idle": "2022-04-25T21:03:51.134905Z",
     "shell.execute_reply": "2022-04-25T21:03:51.134443Z",
     "shell.execute_reply.started": "2022-04-25T21:03:51.121543Z"
    }
   },
   "outputs": [
    {
     "data": {
      "text/html": [
       "<div>\n",
       "<style scoped>\n",
       "    .dataframe tbody tr th:only-of-type {\n",
       "        vertical-align: middle;\n",
       "    }\n",
       "\n",
       "    .dataframe tbody tr th {\n",
       "        vertical-align: top;\n",
       "    }\n",
       "\n",
       "    .dataframe thead th {\n",
       "        text-align: right;\n",
       "    }\n",
       "</style>\n",
       "<table border=\"1\" class=\"dataframe\">\n",
       "  <thead>\n",
       "    <tr style=\"text-align: right;\">\n",
       "      <th></th>\n",
       "      <th>bc_1</th>\n",
       "      <th>bc_2</th>\n",
       "      <th>n</th>\n",
       "      <th>n_1</th>\n",
       "      <th>n_2</th>\n",
       "      <th>n_t</th>\n",
       "      <th>sum_day_diff</th>\n",
       "      <th>avg_day_diff</th>\n",
       "    </tr>\n",
       "  </thead>\n",
       "  <tbody>\n",
       "    <tr>\n",
       "      <th>0</th>\n",
       "      <td>bs01lr</td>\n",
       "      <td>bs02lr</td>\n",
       "      <td>27020</td>\n",
       "      <td>13534</td>\n",
       "      <td>12005</td>\n",
       "      <td>1481</td>\n",
       "      <td>2780593</td>\n",
       "      <td>102</td>\n",
       "    </tr>\n",
       "    <tr>\n",
       "      <th>1</th>\n",
       "      <td>bs01lr</td>\n",
       "      <td>bs03lr</td>\n",
       "      <td>51702</td>\n",
       "      <td>17835</td>\n",
       "      <td>28878</td>\n",
       "      <td>4989</td>\n",
       "      <td>-14513656</td>\n",
       "      <td>-280</td>\n",
       "    </tr>\n",
       "    <tr>\n",
       "      <th>2</th>\n",
       "      <td>bs01lr</td>\n",
       "      <td>bs04lr</td>\n",
       "      <td>16303</td>\n",
       "      <td>8354</td>\n",
       "      <td>7065</td>\n",
       "      <td>884</td>\n",
       "      <td>2894519</td>\n",
       "      <td>177</td>\n",
       "    </tr>\n",
       "    <tr>\n",
       "      <th>3</th>\n",
       "      <td>bs01lr</td>\n",
       "      <td>bs05lr</td>\n",
       "      <td>52414</td>\n",
       "      <td>19656</td>\n",
       "      <td>28917</td>\n",
       "      <td>3841</td>\n",
       "      <td>-10176298</td>\n",
       "      <td>-194</td>\n",
       "    </tr>\n",
       "    <tr>\n",
       "      <th>4</th>\n",
       "      <td>bs01lr</td>\n",
       "      <td>bs06lr</td>\n",
       "      <td>53127</td>\n",
       "      <td>26189</td>\n",
       "      <td>24227</td>\n",
       "      <td>2711</td>\n",
       "      <td>3378359</td>\n",
       "      <td>63</td>\n",
       "    </tr>\n",
       "    <tr>\n",
       "      <th>...</th>\n",
       "      <td>...</td>\n",
       "      <td>...</td>\n",
       "      <td>...</td>\n",
       "      <td>...</td>\n",
       "      <td>...</td>\n",
       "      <td>...</td>\n",
       "      <td>...</td>\n",
       "      <td>...</td>\n",
       "    </tr>\n",
       "    <tr>\n",
       "      <th>166</th>\n",
       "      <td>bs17lr</td>\n",
       "      <td>bs19lr</td>\n",
       "      <td>96140</td>\n",
       "      <td>41135</td>\n",
       "      <td>52157</td>\n",
       "      <td>2848</td>\n",
       "      <td>-16061590</td>\n",
       "      <td>-167</td>\n",
       "    </tr>\n",
       "    <tr>\n",
       "      <th>167</th>\n",
       "      <td>bs17lr</td>\n",
       "      <td>rare_disease</td>\n",
       "      <td>69589</td>\n",
       "      <td>20703</td>\n",
       "      <td>20791</td>\n",
       "      <td>28096</td>\n",
       "      <td>-1486110</td>\n",
       "      <td>-21</td>\n",
       "    </tr>\n",
       "    <tr>\n",
       "      <th>168</th>\n",
       "      <td>bs18lr</td>\n",
       "      <td>bs19lr</td>\n",
       "      <td>35582</td>\n",
       "      <td>13906</td>\n",
       "      <td>20907</td>\n",
       "      <td>769</td>\n",
       "      <td>-9989873</td>\n",
       "      <td>-280</td>\n",
       "    </tr>\n",
       "    <tr>\n",
       "      <th>169</th>\n",
       "      <td>bs18lr</td>\n",
       "      <td>rare_disease</td>\n",
       "      <td>30637</td>\n",
       "      <td>8724</td>\n",
       "      <td>9606</td>\n",
       "      <td>12308</td>\n",
       "      <td>-1870223</td>\n",
       "      <td>-61</td>\n",
       "    </tr>\n",
       "    <tr>\n",
       "      <th>170</th>\n",
       "      <td>bs19lr</td>\n",
       "      <td>rare_disease</td>\n",
       "      <td>179395</td>\n",
       "      <td>87515</td>\n",
       "      <td>68316</td>\n",
       "      <td>23565</td>\n",
       "      <td>24914942</td>\n",
       "      <td>138</td>\n",
       "    </tr>\n",
       "  </tbody>\n",
       "</table>\n",
       "<p>171 rows × 8 columns</p>\n",
       "</div>"
      ],
      "text/plain": [
       "       bc_1          bc_2       n    n_1    n_2    n_t  sum_day_diff  \\\n",
       "0    bs01lr        bs02lr   27020  13534  12005   1481       2780593   \n",
       "1    bs01lr        bs03lr   51702  17835  28878   4989     -14513656   \n",
       "2    bs01lr        bs04lr   16303   8354   7065    884       2894519   \n",
       "3    bs01lr        bs05lr   52414  19656  28917   3841     -10176298   \n",
       "4    bs01lr        bs06lr   53127  26189  24227   2711       3378359   \n",
       "..      ...           ...     ...    ...    ...    ...           ...   \n",
       "166  bs17lr        bs19lr   96140  41135  52157   2848     -16061590   \n",
       "167  bs17lr  rare_disease   69589  20703  20791  28096      -1486110   \n",
       "168  bs18lr        bs19lr   35582  13906  20907    769      -9989873   \n",
       "169  bs18lr  rare_disease   30637   8724   9606  12308      -1870223   \n",
       "170  bs19lr  rare_disease  179395  87515  68316  23565      24914942   \n",
       "\n",
       "     avg_day_diff  \n",
       "0             102  \n",
       "1            -280  \n",
       "2             177  \n",
       "3            -194  \n",
       "4              63  \n",
       "..            ...  \n",
       "166          -167  \n",
       "167           -21  \n",
       "168          -280  \n",
       "169           -61  \n",
       "170           138  \n",
       "\n",
       "[171 rows x 8 columns]"
      ]
     },
     "execution_count": 2,
     "metadata": {},
     "output_type": "execute_result"
    }
   ],
   "source": [
    "df"
   ]
  },
  {
   "cell_type": "code",
   "execution_count": 3,
   "id": "higher-verse",
   "metadata": {
    "execution": {
     "iopub.execute_input": "2022-04-25T21:03:51.135822Z",
     "iopub.status.busy": "2022-04-25T21:03:51.135624Z",
     "iopub.status.idle": "2022-04-25T21:03:51.438123Z",
     "shell.execute_reply": "2022-04-25T21:03:51.437763Z",
     "shell.execute_reply.started": "2022-04-25T21:03:51.135805Z"
    }
   },
   "outputs": [
    {
     "data": {
      "text/html": [
       "<div>\n",
       "<style scoped>\n",
       "    .dataframe tbody tr th:only-of-type {\n",
       "        vertical-align: middle;\n",
       "    }\n",
       "\n",
       "    .dataframe tbody tr th {\n",
       "        vertical-align: top;\n",
       "    }\n",
       "\n",
       "    .dataframe thead th {\n",
       "        text-align: right;\n",
       "    }\n",
       "</style>\n",
       "<table border=\"1\" class=\"dataframe\">\n",
       "  <thead>\n",
       "    <tr style=\"text-align: right;\">\n",
       "      <th></th>\n",
       "      <th>bs01lr</th>\n",
       "      <th>bs02lr</th>\n",
       "      <th>bs03lr</th>\n",
       "      <th>bs04lr</th>\n",
       "      <th>bs05lr</th>\n",
       "      <th>bs06lr</th>\n",
       "      <th>bs07lr</th>\n",
       "      <th>bs08lr</th>\n",
       "      <th>bs09lr</th>\n",
       "      <th>bs10lr</th>\n",
       "      <th>bs11lr</th>\n",
       "      <th>bs12lr</th>\n",
       "      <th>bs13lr</th>\n",
       "      <th>bs14lr</th>\n",
       "      <th>bs16lr</th>\n",
       "      <th>bs17lr</th>\n",
       "      <th>bs18lr</th>\n",
       "      <th>bs19lr</th>\n",
       "      <th>rare_disease</th>\n",
       "    </tr>\n",
       "  </thead>\n",
       "  <tbody>\n",
       "    <tr>\n",
       "      <th>bs01lr</th>\n",
       "      <td>637625.0</td>\n",
       "      <td>-25539.0</td>\n",
       "      <td>-46713.0</td>\n",
       "      <td>-15419.0</td>\n",
       "      <td>-48573.0</td>\n",
       "      <td>-50416.0</td>\n",
       "      <td>-48145.0</td>\n",
       "      <td>-35390.0</td>\n",
       "      <td>-41477.0</td>\n",
       "      <td>-30942.0</td>\n",
       "      <td>-107.0</td>\n",
       "      <td>-33270.0</td>\n",
       "      <td>-52303.0</td>\n",
       "      <td>-3450.0</td>\n",
       "      <td>-58821.0</td>\n",
       "      <td>-24687.0</td>\n",
       "      <td>-10835.0</td>\n",
       "      <td>-73860.0</td>\n",
       "      <td>-37678.0</td>\n",
       "    </tr>\n",
       "    <tr>\n",
       "      <th>bs02lr</th>\n",
       "      <td>-25539.0</td>\n",
       "      <td>893455.0</td>\n",
       "      <td>-76389.0</td>\n",
       "      <td>-25380.0</td>\n",
       "      <td>-61200.0</td>\n",
       "      <td>-75341.0</td>\n",
       "      <td>-78020.0</td>\n",
       "      <td>-50145.0</td>\n",
       "      <td>-56412.0</td>\n",
       "      <td>-47919.0</td>\n",
       "      <td>-94.0</td>\n",
       "      <td>-43067.0</td>\n",
       "      <td>-70433.0</td>\n",
       "      <td>-4632.0</td>\n",
       "      <td>-85087.0</td>\n",
       "      <td>-27333.0</td>\n",
       "      <td>-12250.0</td>\n",
       "      <td>-108658.0</td>\n",
       "      <td>-45556.0</td>\n",
       "    </tr>\n",
       "    <tr>\n",
       "      <th>bs03lr</th>\n",
       "      <td>-46713.0</td>\n",
       "      <td>-76389.0</td>\n",
       "      <td>1837422.0</td>\n",
       "      <td>-41624.0</td>\n",
       "      <td>-136904.0</td>\n",
       "      <td>-175336.0</td>\n",
       "      <td>-163878.0</td>\n",
       "      <td>-99835.0</td>\n",
       "      <td>-116089.0</td>\n",
       "      <td>-94713.0</td>\n",
       "      <td>-198.0</td>\n",
       "      <td>-79501.0</td>\n",
       "      <td>-159663.0</td>\n",
       "      <td>-8227.0</td>\n",
       "      <td>-183868.0</td>\n",
       "      <td>-57651.0</td>\n",
       "      <td>-24303.0</td>\n",
       "      <td>-266932.0</td>\n",
       "      <td>-105598.0</td>\n",
       "    </tr>\n",
       "    <tr>\n",
       "      <th>bs04lr</th>\n",
       "      <td>-15419.0</td>\n",
       "      <td>-25380.0</td>\n",
       "      <td>-41624.0</td>\n",
       "      <td>518129.0</td>\n",
       "      <td>-33595.0</td>\n",
       "      <td>-40487.0</td>\n",
       "      <td>-46325.0</td>\n",
       "      <td>-28972.0</td>\n",
       "      <td>-34101.0</td>\n",
       "      <td>-29774.0</td>\n",
       "      <td>-55.0</td>\n",
       "      <td>-21993.0</td>\n",
       "      <td>-39135.0</td>\n",
       "      <td>-2853.0</td>\n",
       "      <td>-45582.0</td>\n",
       "      <td>-16403.0</td>\n",
       "      <td>-8571.0</td>\n",
       "      <td>-57584.0</td>\n",
       "      <td>-30276.0</td>\n",
       "    </tr>\n",
       "    <tr>\n",
       "      <th>bs05lr</th>\n",
       "      <td>-48573.0</td>\n",
       "      <td>-61200.0</td>\n",
       "      <td>-136904.0</td>\n",
       "      <td>-33595.0</td>\n",
       "      <td>1680058.0</td>\n",
       "      <td>-149652.0</td>\n",
       "      <td>-135241.0</td>\n",
       "      <td>-92287.0</td>\n",
       "      <td>-109153.0</td>\n",
       "      <td>-76799.0</td>\n",
       "      <td>-304.0</td>\n",
       "      <td>-71780.0</td>\n",
       "      <td>-153221.0</td>\n",
       "      <td>-7370.0</td>\n",
       "      <td>-173381.0</td>\n",
       "      <td>-63430.0</td>\n",
       "      <td>-24713.0</td>\n",
       "      <td>-241322.0</td>\n",
       "      <td>-101133.0</td>\n",
       "    </tr>\n",
       "    <tr>\n",
       "      <th>bs06lr</th>\n",
       "      <td>-50416.0</td>\n",
       "      <td>-75341.0</td>\n",
       "      <td>-175336.0</td>\n",
       "      <td>-40487.0</td>\n",
       "      <td>-149652.0</td>\n",
       "      <td>1889799.0</td>\n",
       "      <td>-177224.0</td>\n",
       "      <td>-102281.0</td>\n",
       "      <td>-122021.0</td>\n",
       "      <td>-95987.0</td>\n",
       "      <td>-259.0</td>\n",
       "      <td>-81166.0</td>\n",
       "      <td>-170218.0</td>\n",
       "      <td>-8488.0</td>\n",
       "      <td>-189985.0</td>\n",
       "      <td>-63380.0</td>\n",
       "      <td>-25489.0</td>\n",
       "      <td>-265552.0</td>\n",
       "      <td>-96517.0</td>\n",
       "    </tr>\n",
       "    <tr>\n",
       "      <th>bs07lr</th>\n",
       "      <td>-48145.0</td>\n",
       "      <td>-78020.0</td>\n",
       "      <td>-163878.0</td>\n",
       "      <td>-46325.0</td>\n",
       "      <td>-135241.0</td>\n",
       "      <td>-177224.0</td>\n",
       "      <td>1850264.0</td>\n",
       "      <td>-101596.0</td>\n",
       "      <td>-114760.0</td>\n",
       "      <td>-100083.0</td>\n",
       "      <td>-113.0</td>\n",
       "      <td>-79493.0</td>\n",
       "      <td>-155918.0</td>\n",
       "      <td>-8284.0</td>\n",
       "      <td>-189170.0</td>\n",
       "      <td>-55262.0</td>\n",
       "      <td>-24451.0</td>\n",
       "      <td>-272447.0</td>\n",
       "      <td>-99854.0</td>\n",
       "    </tr>\n",
       "    <tr>\n",
       "      <th>bs08lr</th>\n",
       "      <td>-35390.0</td>\n",
       "      <td>-50145.0</td>\n",
       "      <td>-99835.0</td>\n",
       "      <td>-28972.0</td>\n",
       "      <td>-92287.0</td>\n",
       "      <td>-102281.0</td>\n",
       "      <td>-101596.0</td>\n",
       "      <td>1217719.0</td>\n",
       "      <td>-79064.0</td>\n",
       "      <td>-60762.0</td>\n",
       "      <td>-209.0</td>\n",
       "      <td>-54032.0</td>\n",
       "      <td>-101529.0</td>\n",
       "      <td>-5858.0</td>\n",
       "      <td>-118668.0</td>\n",
       "      <td>-42901.0</td>\n",
       "      <td>-18460.0</td>\n",
       "      <td>-155308.0</td>\n",
       "      <td>-70422.0</td>\n",
       "    </tr>\n",
       "    <tr>\n",
       "      <th>bs09lr</th>\n",
       "      <td>-41477.0</td>\n",
       "      <td>-56412.0</td>\n",
       "      <td>-116089.0</td>\n",
       "      <td>-34101.0</td>\n",
       "      <td>-109153.0</td>\n",
       "      <td>-122021.0</td>\n",
       "      <td>-114760.0</td>\n",
       "      <td>-79064.0</td>\n",
       "      <td>1401260.0</td>\n",
       "      <td>-70168.0</td>\n",
       "      <td>-191.0</td>\n",
       "      <td>-61867.0</td>\n",
       "      <td>-120766.0</td>\n",
       "      <td>-6734.0</td>\n",
       "      <td>-138066.0</td>\n",
       "      <td>-49362.0</td>\n",
       "      <td>-20587.0</td>\n",
       "      <td>-182189.0</td>\n",
       "      <td>-78253.0</td>\n",
       "    </tr>\n",
       "    <tr>\n",
       "      <th>bs10lr</th>\n",
       "      <td>-30942.0</td>\n",
       "      <td>-47919.0</td>\n",
       "      <td>-94713.0</td>\n",
       "      <td>-29774.0</td>\n",
       "      <td>-76799.0</td>\n",
       "      <td>-95987.0</td>\n",
       "      <td>-100083.0</td>\n",
       "      <td>-60762.0</td>\n",
       "      <td>-70168.0</td>\n",
       "      <td>1110989.0</td>\n",
       "      <td>-263.0</td>\n",
       "      <td>-48565.0</td>\n",
       "      <td>-89969.0</td>\n",
       "      <td>-5923.0</td>\n",
       "      <td>-105469.0</td>\n",
       "      <td>-34665.0</td>\n",
       "      <td>-16355.0</td>\n",
       "      <td>-141002.0</td>\n",
       "      <td>-61631.0</td>\n",
       "    </tr>\n",
       "    <tr>\n",
       "      <th>bs11lr</th>\n",
       "      <td>-107.0</td>\n",
       "      <td>-94.0</td>\n",
       "      <td>-198.0</td>\n",
       "      <td>-55.0</td>\n",
       "      <td>-304.0</td>\n",
       "      <td>-259.0</td>\n",
       "      <td>-113.0</td>\n",
       "      <td>-209.0</td>\n",
       "      <td>-191.0</td>\n",
       "      <td>-263.0</td>\n",
       "      <td>3460.0</td>\n",
       "      <td>-154.0</td>\n",
       "      <td>-304.0</td>\n",
       "      <td>-12.0</td>\n",
       "      <td>-331.0</td>\n",
       "      <td>-127.0</td>\n",
       "      <td>-45.0</td>\n",
       "      <td>-481.0</td>\n",
       "      <td>-213.0</td>\n",
       "    </tr>\n",
       "    <tr>\n",
       "      <th>bs12lr</th>\n",
       "      <td>-33270.0</td>\n",
       "      <td>-43067.0</td>\n",
       "      <td>-79501.0</td>\n",
       "      <td>-21993.0</td>\n",
       "      <td>-71780.0</td>\n",
       "      <td>-81166.0</td>\n",
       "      <td>-79493.0</td>\n",
       "      <td>-54032.0</td>\n",
       "      <td>-61867.0</td>\n",
       "      <td>-48565.0</td>\n",
       "      <td>-154.0</td>\n",
       "      <td>981037.0</td>\n",
       "      <td>-81554.0</td>\n",
       "      <td>-5144.0</td>\n",
       "      <td>-92211.0</td>\n",
       "      <td>-37046.0</td>\n",
       "      <td>-15882.0</td>\n",
       "      <td>-117168.0</td>\n",
       "      <td>-57144.0</td>\n",
       "    </tr>\n",
       "    <tr>\n",
       "      <th>bs13lr</th>\n",
       "      <td>-52303.0</td>\n",
       "      <td>-70433.0</td>\n",
       "      <td>-159663.0</td>\n",
       "      <td>-39135.0</td>\n",
       "      <td>-153221.0</td>\n",
       "      <td>-170218.0</td>\n",
       "      <td>-155918.0</td>\n",
       "      <td>-101529.0</td>\n",
       "      <td>-120766.0</td>\n",
       "      <td>-89969.0</td>\n",
       "      <td>-304.0</td>\n",
       "      <td>-81554.0</td>\n",
       "      <td>1870607.0</td>\n",
       "      <td>-8584.0</td>\n",
       "      <td>-189026.0</td>\n",
       "      <td>-72231.0</td>\n",
       "      <td>-28247.0</td>\n",
       "      <td>-270537.0</td>\n",
       "      <td>-106969.0</td>\n",
       "    </tr>\n",
       "    <tr>\n",
       "      <th>bs14lr</th>\n",
       "      <td>-3450.0</td>\n",
       "      <td>-4632.0</td>\n",
       "      <td>-8227.0</td>\n",
       "      <td>-2853.0</td>\n",
       "      <td>-7370.0</td>\n",
       "      <td>-8488.0</td>\n",
       "      <td>-8284.0</td>\n",
       "      <td>-5858.0</td>\n",
       "      <td>-6734.0</td>\n",
       "      <td>-5923.0</td>\n",
       "      <td>-12.0</td>\n",
       "      <td>-5144.0</td>\n",
       "      <td>-8584.0</td>\n",
       "      <td>108173.0</td>\n",
       "      <td>-9595.0</td>\n",
       "      <td>-3989.0</td>\n",
       "      <td>-1922.0</td>\n",
       "      <td>-11544.0</td>\n",
       "      <td>-5564.0</td>\n",
       "    </tr>\n",
       "    <tr>\n",
       "      <th>bs16lr</th>\n",
       "      <td>-58821.0</td>\n",
       "      <td>-85087.0</td>\n",
       "      <td>-183868.0</td>\n",
       "      <td>-45582.0</td>\n",
       "      <td>-173381.0</td>\n",
       "      <td>-189985.0</td>\n",
       "      <td>-189170.0</td>\n",
       "      <td>-118668.0</td>\n",
       "      <td>-138066.0</td>\n",
       "      <td>-105469.0</td>\n",
       "      <td>-331.0</td>\n",
       "      <td>-92211.0</td>\n",
       "      <td>-189026.0</td>\n",
       "      <td>-9595.0</td>\n",
       "      <td>2104293.0</td>\n",
       "      <td>-73645.0</td>\n",
       "      <td>-29656.0</td>\n",
       "      <td>-293391.0</td>\n",
       "      <td>-128341.0</td>\n",
       "    </tr>\n",
       "    <tr>\n",
       "      <th>bs17lr</th>\n",
       "      <td>-24687.0</td>\n",
       "      <td>-27333.0</td>\n",
       "      <td>-57651.0</td>\n",
       "      <td>-16403.0</td>\n",
       "      <td>-63430.0</td>\n",
       "      <td>-63380.0</td>\n",
       "      <td>-55262.0</td>\n",
       "      <td>-42901.0</td>\n",
       "      <td>-49362.0</td>\n",
       "      <td>-34665.0</td>\n",
       "      <td>-127.0</td>\n",
       "      <td>-37046.0</td>\n",
       "      <td>-72231.0</td>\n",
       "      <td>-3989.0</td>\n",
       "      <td>-73645.0</td>\n",
       "      <td>772278.0</td>\n",
       "      <td>-15380.0</td>\n",
       "      <td>-93292.0</td>\n",
       "      <td>-41494.0</td>\n",
       "    </tr>\n",
       "    <tr>\n",
       "      <th>bs18lr</th>\n",
       "      <td>-10835.0</td>\n",
       "      <td>-12250.0</td>\n",
       "      <td>-24303.0</td>\n",
       "      <td>-8571.0</td>\n",
       "      <td>-24713.0</td>\n",
       "      <td>-25489.0</td>\n",
       "      <td>-24451.0</td>\n",
       "      <td>-18460.0</td>\n",
       "      <td>-20587.0</td>\n",
       "      <td>-16355.0</td>\n",
       "      <td>-45.0</td>\n",
       "      <td>-15882.0</td>\n",
       "      <td>-28247.0</td>\n",
       "      <td>-1922.0</td>\n",
       "      <td>-29656.0</td>\n",
       "      <td>-15380.0</td>\n",
       "      <td>330289.0</td>\n",
       "      <td>-34813.0</td>\n",
       "      <td>-18330.0</td>\n",
       "    </tr>\n",
       "    <tr>\n",
       "      <th>bs19lr</th>\n",
       "      <td>-73860.0</td>\n",
       "      <td>-108658.0</td>\n",
       "      <td>-266932.0</td>\n",
       "      <td>-57584.0</td>\n",
       "      <td>-241322.0</td>\n",
       "      <td>-265552.0</td>\n",
       "      <td>-272447.0</td>\n",
       "      <td>-155308.0</td>\n",
       "      <td>-182189.0</td>\n",
       "      <td>-141002.0</td>\n",
       "      <td>-481.0</td>\n",
       "      <td>-117168.0</td>\n",
       "      <td>-270537.0</td>\n",
       "      <td>-11544.0</td>\n",
       "      <td>-293391.0</td>\n",
       "      <td>-93292.0</td>\n",
       "      <td>-34813.0</td>\n",
       "      <td>2741911.0</td>\n",
       "      <td>-155831.0</td>\n",
       "    </tr>\n",
       "    <tr>\n",
       "      <th>rare_disease</th>\n",
       "      <td>-37678.0</td>\n",
       "      <td>-45556.0</td>\n",
       "      <td>-105598.0</td>\n",
       "      <td>-30276.0</td>\n",
       "      <td>-101133.0</td>\n",
       "      <td>-96517.0</td>\n",
       "      <td>-99854.0</td>\n",
       "      <td>-70422.0</td>\n",
       "      <td>-78253.0</td>\n",
       "      <td>-61631.0</td>\n",
       "      <td>-213.0</td>\n",
       "      <td>-57144.0</td>\n",
       "      <td>-106969.0</td>\n",
       "      <td>-5564.0</td>\n",
       "      <td>-128341.0</td>\n",
       "      <td>-41494.0</td>\n",
       "      <td>-18330.0</td>\n",
       "      <td>-155831.0</td>\n",
       "      <td>1240804.0</td>\n",
       "    </tr>\n",
       "  </tbody>\n",
       "</table>\n",
       "</div>"
      ],
      "text/plain": [
       "                bs01lr    bs02lr     bs03lr    bs04lr     bs05lr     bs06lr  \\\n",
       "bs01lr        637625.0  -25539.0   -46713.0  -15419.0   -48573.0   -50416.0   \n",
       "bs02lr        -25539.0  893455.0   -76389.0  -25380.0   -61200.0   -75341.0   \n",
       "bs03lr        -46713.0  -76389.0  1837422.0  -41624.0  -136904.0  -175336.0   \n",
       "bs04lr        -15419.0  -25380.0   -41624.0  518129.0   -33595.0   -40487.0   \n",
       "bs05lr        -48573.0  -61200.0  -136904.0  -33595.0  1680058.0  -149652.0   \n",
       "bs06lr        -50416.0  -75341.0  -175336.0  -40487.0  -149652.0  1889799.0   \n",
       "bs07lr        -48145.0  -78020.0  -163878.0  -46325.0  -135241.0  -177224.0   \n",
       "bs08lr        -35390.0  -50145.0   -99835.0  -28972.0   -92287.0  -102281.0   \n",
       "bs09lr        -41477.0  -56412.0  -116089.0  -34101.0  -109153.0  -122021.0   \n",
       "bs10lr        -30942.0  -47919.0   -94713.0  -29774.0   -76799.0   -95987.0   \n",
       "bs11lr          -107.0     -94.0     -198.0     -55.0     -304.0     -259.0   \n",
       "bs12lr        -33270.0  -43067.0   -79501.0  -21993.0   -71780.0   -81166.0   \n",
       "bs13lr        -52303.0  -70433.0  -159663.0  -39135.0  -153221.0  -170218.0   \n",
       "bs14lr         -3450.0   -4632.0    -8227.0   -2853.0    -7370.0    -8488.0   \n",
       "bs16lr        -58821.0  -85087.0  -183868.0  -45582.0  -173381.0  -189985.0   \n",
       "bs17lr        -24687.0  -27333.0   -57651.0  -16403.0   -63430.0   -63380.0   \n",
       "bs18lr        -10835.0  -12250.0   -24303.0   -8571.0   -24713.0   -25489.0   \n",
       "bs19lr        -73860.0 -108658.0  -266932.0  -57584.0  -241322.0  -265552.0   \n",
       "rare_disease  -37678.0  -45556.0  -105598.0  -30276.0  -101133.0   -96517.0   \n",
       "\n",
       "                 bs07lr     bs08lr     bs09lr     bs10lr  bs11lr    bs12lr  \\\n",
       "bs01lr         -48145.0   -35390.0   -41477.0   -30942.0  -107.0  -33270.0   \n",
       "bs02lr         -78020.0   -50145.0   -56412.0   -47919.0   -94.0  -43067.0   \n",
       "bs03lr        -163878.0   -99835.0  -116089.0   -94713.0  -198.0  -79501.0   \n",
       "bs04lr         -46325.0   -28972.0   -34101.0   -29774.0   -55.0  -21993.0   \n",
       "bs05lr        -135241.0   -92287.0  -109153.0   -76799.0  -304.0  -71780.0   \n",
       "bs06lr        -177224.0  -102281.0  -122021.0   -95987.0  -259.0  -81166.0   \n",
       "bs07lr        1850264.0  -101596.0  -114760.0  -100083.0  -113.0  -79493.0   \n",
       "bs08lr        -101596.0  1217719.0   -79064.0   -60762.0  -209.0  -54032.0   \n",
       "bs09lr        -114760.0   -79064.0  1401260.0   -70168.0  -191.0  -61867.0   \n",
       "bs10lr        -100083.0   -60762.0   -70168.0  1110989.0  -263.0  -48565.0   \n",
       "bs11lr           -113.0     -209.0     -191.0     -263.0  3460.0    -154.0   \n",
       "bs12lr         -79493.0   -54032.0   -61867.0   -48565.0  -154.0  981037.0   \n",
       "bs13lr        -155918.0  -101529.0  -120766.0   -89969.0  -304.0  -81554.0   \n",
       "bs14lr          -8284.0    -5858.0    -6734.0    -5923.0   -12.0   -5144.0   \n",
       "bs16lr        -189170.0  -118668.0  -138066.0  -105469.0  -331.0  -92211.0   \n",
       "bs17lr         -55262.0   -42901.0   -49362.0   -34665.0  -127.0  -37046.0   \n",
       "bs18lr         -24451.0   -18460.0   -20587.0   -16355.0   -45.0  -15882.0   \n",
       "bs19lr        -272447.0  -155308.0  -182189.0  -141002.0  -481.0 -117168.0   \n",
       "rare_disease   -99854.0   -70422.0   -78253.0   -61631.0  -213.0  -57144.0   \n",
       "\n",
       "                 bs13lr    bs14lr     bs16lr    bs17lr    bs18lr     bs19lr  \\\n",
       "bs01lr         -52303.0   -3450.0   -58821.0  -24687.0  -10835.0   -73860.0   \n",
       "bs02lr         -70433.0   -4632.0   -85087.0  -27333.0  -12250.0  -108658.0   \n",
       "bs03lr        -159663.0   -8227.0  -183868.0  -57651.0  -24303.0  -266932.0   \n",
       "bs04lr         -39135.0   -2853.0   -45582.0  -16403.0   -8571.0   -57584.0   \n",
       "bs05lr        -153221.0   -7370.0  -173381.0  -63430.0  -24713.0  -241322.0   \n",
       "bs06lr        -170218.0   -8488.0  -189985.0  -63380.0  -25489.0  -265552.0   \n",
       "bs07lr        -155918.0   -8284.0  -189170.0  -55262.0  -24451.0  -272447.0   \n",
       "bs08lr        -101529.0   -5858.0  -118668.0  -42901.0  -18460.0  -155308.0   \n",
       "bs09lr        -120766.0   -6734.0  -138066.0  -49362.0  -20587.0  -182189.0   \n",
       "bs10lr         -89969.0   -5923.0  -105469.0  -34665.0  -16355.0  -141002.0   \n",
       "bs11lr           -304.0     -12.0     -331.0    -127.0     -45.0     -481.0   \n",
       "bs12lr         -81554.0   -5144.0   -92211.0  -37046.0  -15882.0  -117168.0   \n",
       "bs13lr        1870607.0   -8584.0  -189026.0  -72231.0  -28247.0  -270537.0   \n",
       "bs14lr          -8584.0  108173.0    -9595.0   -3989.0   -1922.0   -11544.0   \n",
       "bs16lr        -189026.0   -9595.0  2104293.0  -73645.0  -29656.0  -293391.0   \n",
       "bs17lr         -72231.0   -3989.0   -73645.0  772278.0  -15380.0   -93292.0   \n",
       "bs18lr         -28247.0   -1922.0   -29656.0  -15380.0  330289.0   -34813.0   \n",
       "bs19lr        -270537.0  -11544.0  -293391.0  -93292.0  -34813.0  2741911.0   \n",
       "rare_disease  -106969.0   -5564.0  -128341.0  -41494.0  -18330.0  -155831.0   \n",
       "\n",
       "              rare_disease  \n",
       "bs01lr            -37678.0  \n",
       "bs02lr            -45556.0  \n",
       "bs03lr           -105598.0  \n",
       "bs04lr            -30276.0  \n",
       "bs05lr           -101133.0  \n",
       "bs06lr            -96517.0  \n",
       "bs07lr            -99854.0  \n",
       "bs08lr            -70422.0  \n",
       "bs09lr            -78253.0  \n",
       "bs10lr            -61631.0  \n",
       "bs11lr              -213.0  \n",
       "bs12lr            -57144.0  \n",
       "bs13lr           -106969.0  \n",
       "bs14lr             -5564.0  \n",
       "bs16lr           -128341.0  \n",
       "bs17lr            -41494.0  \n",
       "bs18lr            -18330.0  \n",
       "bs19lr           -155831.0  \n",
       "rare_disease     1240804.0  "
      ]
     },
     "execution_count": 3,
     "metadata": {},
     "output_type": "execute_result"
    }
   ],
   "source": [
    "import itertools\n",
    "import numpy as np\n",
    "\n",
    "def get_val(v1, v2):\n",
    "    if v1 == v2:\n",
    "        return np.nan\n",
    "        #return df[(df['bc_1']==v1) | (df['bc_2']==v1)] \\\n",
    "        #    .assign(count=lambda d: d.apply(lambda r: r['n_1'] if r['bc_1']==v1 else r['n_2'], axis=1)) \\\n",
    "        #    ['count'].sum()\n",
    "    \n",
    "    temp = df[(df['bc_1']==v1) & (df['bc_2']==v2)]\n",
    "    \n",
    "    if temp.shape[0] == 0:\n",
    "        temp = df[(df['bc_1']==v2) & (df['bc_2']==v1)]\n",
    "    \n",
    "    if temp.shape[0] > 0:\n",
    "        return -(temp.iloc[0]['n_1'] + temp.iloc[0]['n_2'])\n",
    "    \n",
    "    return np.nan\n",
    "\n",
    "body_systems = sorted(list(set(list(df['bc_1'].unique()) + list(df['bc_2'].unique()))))\n",
    "\n",
    "M = pd.DataFrame(\n",
    "    [[get_val(v1, v2) for v2 in body_systems] for v1 in body_systems], \n",
    "    columns=body_systems, index=body_systems).fillna(0.0)\n",
    "M = M + np.diag(np.abs(M).sum(axis=1))\n",
    "M"
   ]
  },
  {
   "cell_type": "code",
   "execution_count": 4,
   "id": "upset-spokesman",
   "metadata": {
    "execution": {
     "iopub.execute_input": "2022-04-25T21:03:51.438692Z",
     "iopub.status.busy": "2022-04-25T21:03:51.438585Z",
     "iopub.status.idle": "2022-04-25T21:03:51.445958Z",
     "shell.execute_reply": "2022-04-25T21:03:51.445674Z",
     "shell.execute_reply.started": "2022-04-25T21:03:51.438678Z"
    }
   },
   "outputs": [
    {
     "data": {
      "text/html": [
       "<div>\n",
       "<style scoped>\n",
       "    .dataframe tbody tr th:only-of-type {\n",
       "        vertical-align: middle;\n",
       "    }\n",
       "\n",
       "    .dataframe tbody tr th {\n",
       "        vertical-align: top;\n",
       "    }\n",
       "\n",
       "    .dataframe thead th {\n",
       "        text-align: right;\n",
       "    }\n",
       "</style>\n",
       "<table border=\"1\" class=\"dataframe\">\n",
       "  <thead>\n",
       "    <tr style=\"text-align: right;\">\n",
       "      <th></th>\n",
       "      <th>off</th>\n",
       "      <th>diag</th>\n",
       "    </tr>\n",
       "  </thead>\n",
       "  <tbody>\n",
       "    <tr>\n",
       "      <th>bs01lr</th>\n",
       "      <td>637625.0</td>\n",
       "      <td>637625.0</td>\n",
       "    </tr>\n",
       "    <tr>\n",
       "      <th>bs02lr</th>\n",
       "      <td>893455.0</td>\n",
       "      <td>893455.0</td>\n",
       "    </tr>\n",
       "    <tr>\n",
       "      <th>bs03lr</th>\n",
       "      <td>1837422.0</td>\n",
       "      <td>1837422.0</td>\n",
       "    </tr>\n",
       "    <tr>\n",
       "      <th>bs04lr</th>\n",
       "      <td>518129.0</td>\n",
       "      <td>518129.0</td>\n",
       "    </tr>\n",
       "    <tr>\n",
       "      <th>bs05lr</th>\n",
       "      <td>1680058.0</td>\n",
       "      <td>1680058.0</td>\n",
       "    </tr>\n",
       "    <tr>\n",
       "      <th>bs06lr</th>\n",
       "      <td>1889799.0</td>\n",
       "      <td>1889799.0</td>\n",
       "    </tr>\n",
       "    <tr>\n",
       "      <th>bs07lr</th>\n",
       "      <td>1850264.0</td>\n",
       "      <td>1850264.0</td>\n",
       "    </tr>\n",
       "    <tr>\n",
       "      <th>bs08lr</th>\n",
       "      <td>1217719.0</td>\n",
       "      <td>1217719.0</td>\n",
       "    </tr>\n",
       "    <tr>\n",
       "      <th>bs09lr</th>\n",
       "      <td>1401260.0</td>\n",
       "      <td>1401260.0</td>\n",
       "    </tr>\n",
       "    <tr>\n",
       "      <th>bs10lr</th>\n",
       "      <td>1110989.0</td>\n",
       "      <td>1110989.0</td>\n",
       "    </tr>\n",
       "    <tr>\n",
       "      <th>bs11lr</th>\n",
       "      <td>3460.0</td>\n",
       "      <td>3460.0</td>\n",
       "    </tr>\n",
       "    <tr>\n",
       "      <th>bs12lr</th>\n",
       "      <td>981037.0</td>\n",
       "      <td>981037.0</td>\n",
       "    </tr>\n",
       "    <tr>\n",
       "      <th>bs13lr</th>\n",
       "      <td>1870607.0</td>\n",
       "      <td>1870607.0</td>\n",
       "    </tr>\n",
       "    <tr>\n",
       "      <th>bs14lr</th>\n",
       "      <td>108173.0</td>\n",
       "      <td>108173.0</td>\n",
       "    </tr>\n",
       "    <tr>\n",
       "      <th>bs16lr</th>\n",
       "      <td>2104293.0</td>\n",
       "      <td>2104293.0</td>\n",
       "    </tr>\n",
       "    <tr>\n",
       "      <th>bs17lr</th>\n",
       "      <td>772278.0</td>\n",
       "      <td>772278.0</td>\n",
       "    </tr>\n",
       "    <tr>\n",
       "      <th>bs18lr</th>\n",
       "      <td>330289.0</td>\n",
       "      <td>330289.0</td>\n",
       "    </tr>\n",
       "    <tr>\n",
       "      <th>bs19lr</th>\n",
       "      <td>2741911.0</td>\n",
       "      <td>2741911.0</td>\n",
       "    </tr>\n",
       "    <tr>\n",
       "      <th>rare_disease</th>\n",
       "      <td>1240804.0</td>\n",
       "      <td>1240804.0</td>\n",
       "    </tr>\n",
       "  </tbody>\n",
       "</table>\n",
       "</div>"
      ],
      "text/plain": [
       "                    off       diag\n",
       "bs01lr         637625.0   637625.0\n",
       "bs02lr         893455.0   893455.0\n",
       "bs03lr        1837422.0  1837422.0\n",
       "bs04lr         518129.0   518129.0\n",
       "bs05lr        1680058.0  1680058.0\n",
       "bs06lr        1889799.0  1889799.0\n",
       "bs07lr        1850264.0  1850264.0\n",
       "bs08lr        1217719.0  1217719.0\n",
       "bs09lr        1401260.0  1401260.0\n",
       "bs10lr        1110989.0  1110989.0\n",
       "bs11lr           3460.0     3460.0\n",
       "bs12lr         981037.0   981037.0\n",
       "bs13lr        1870607.0  1870607.0\n",
       "bs14lr         108173.0   108173.0\n",
       "bs16lr        2104293.0  2104293.0\n",
       "bs17lr         772278.0   772278.0\n",
       "bs18lr         330289.0   330289.0\n",
       "bs19lr        2741911.0  2741911.0\n",
       "rare_disease  1240804.0  1240804.0"
      ]
     },
     "execution_count": 4,
     "metadata": {},
     "output_type": "execute_result"
    }
   ],
   "source": [
    "pd.DataFrame({\n",
    "    'off': np.abs((M - np.diag(np.diag(M))).sum(axis=1)),\n",
    "    'diag': pd.Series(np.diag(M), index=M.index)\n",
    "})"
   ]
  },
  {
   "cell_type": "code",
   "execution_count": 5,
   "id": "exempt-spoke",
   "metadata": {
    "execution": {
     "iopub.execute_input": "2022-04-25T21:03:51.446571Z",
     "iopub.status.busy": "2022-04-25T21:03:51.446439Z",
     "iopub.status.idle": "2022-04-25T21:03:51.700582Z",
     "shell.execute_reply": "2022-04-25T21:03:51.700217Z",
     "shell.execute_reply.started": "2022-04-25T21:03:51.446557Z"
    }
   },
   "outputs": [
    {
     "data": {
      "text/html": [
       "<div>\n",
       "<style scoped>\n",
       "    .dataframe tbody tr th:only-of-type {\n",
       "        vertical-align: middle;\n",
       "    }\n",
       "\n",
       "    .dataframe tbody tr th {\n",
       "        vertical-align: top;\n",
       "    }\n",
       "\n",
       "    .dataframe thead th {\n",
       "        text-align: right;\n",
       "    }\n",
       "</style>\n",
       "<table border=\"1\" class=\"dataframe\">\n",
       "  <thead>\n",
       "    <tr style=\"text-align: right;\">\n",
       "      <th></th>\n",
       "      <th>bs01lr</th>\n",
       "      <th>bs02lr</th>\n",
       "      <th>bs03lr</th>\n",
       "      <th>bs04lr</th>\n",
       "      <th>bs05lr</th>\n",
       "      <th>bs06lr</th>\n",
       "      <th>bs07lr</th>\n",
